Q = [-2 2; 3 -3];
expm(10*Q)

## 0.600000000000002    0.400000000000001
## 0.600000000000002    0.400000000000001