Q = [-2 2; 3 -3];
t = [0:0.01:10];